minimum  : 0.47074
maximum  : 398.21285
average  : 207.06971
median   : 209.04432
std_dev  : 115.91112
bin_count: [16, 12, 16, 15, 18, 19, 16, 13, 13, 12, 29, 11, 19, 14, 19, 19]
